0 0 721
-126 253 7
232 169 7
-219 -62 7
-13 -53 7
-126 -62 7
-296 -53 7
19 244 7
-56 -62 7
148 339 7
-169 169 7
332 112 41
-126 -19 7
241 253 7
216 296 7
105 330 7
-117 287 7
232 244 7
-26 291 41
259 253 7
241 83 7
-126 117 7
148 287 7
293 348 7
-305 262 7
250 160 7
-65 169 7
19 169 7
-210 169 7
123 126 7
-339 -105 7
-65 305 7
-31 348 7
216 253 7
-348 126 7
96 160 7
-169 126 7
114 305 7
-348 65 7
-321 -105 7
-31 330 7
-321 305 7
-235 305 7
-151 74 7
-278 160 7
148 296 7
-305 74 7
-169 330 7
207 305 7
327 151 7
336 126 7
241 108 7
67 248 41
-126 151 7
-160 253 7
-262 305 7
-348 117 7
53 169 7
-305 339 7
345 348 7
189 65 7
189 339 7
-169 83 7
-321 -96 7
-219 151 7
-155 291 41
-262 -71 7
-219 126 7
-305 253 7
-244 117 7
203 291 41
-291 155 41
-296 330 7
259 348 7
332 291 41
139 151 7
-126 -71 7
-126 -105 7
-339 108 7
-296 296 7
157 126 7
246 155 41
114 169 7
-74 -28 7
-244 305 7
-151 262 7
-235 -62 7
28 262 7
293 160 7
-151 169 7
-151 83 7
-112 69 41
-108 348 7
-65 -62 7
28 253 7
37 83 7
24 112 41
89 269 177
-305 330 7
216 74 7
-253 -71 7
-334 155 41
139 117 7
-155 334 41
-330 74 7
166 126 7
28 74 7
-83 -71 7
203 69 41
232 253 7
62 117 7
-169 287 7
19 348 7
-69 -67 41
-22 169 7
105 339 7
-321 117 7
241 74 7
-244 348 7
189 262 7
207 348 7
-219 339 7
53 330 7
-235 -19 7
250 296 7
-287 -96 7
-192 126 7
-69 334 41
189 244 7
-22 -53 7
105 287 7
241 126 7
-321 348 7
28 117 7
37 253 7
-305 -71 7
-210 287 7
-26 155 41
-160 83 7
-235 339 7
250 74 7
139 305 7
-339 -28 7
-296 348 7
-244 160 7
-296 126 7
-339 -53 7
-201 305 7
198 74 7
-142 253 7
110 155 41
-126 -53 7
-99 -53 7
232 65 7
-305 -114 7
-339 253 7
-305 126 7
139 296 7
-90 -89 177
-142 262 7
-108 83 7
-334 334 41
19 253 7
345 126 7
-321 -62 7
293 339 7
-160 296 7
284 151 7
139 287 7
-348 83 7
-126 -96 7
284 126 7
-83 108 7
-210 -19 7
19 126 7
-210 160 7
-192 160 7
-117 244 7
-330 -19 7
-348 160 7
-296 -71 7
-334 69 41
302 348 7
-126 126 7
148 117 7
-74 169 7
-210 -53 7
293 169 7
-348 296 7
-348 -19 7
-69 -24 41
345 339 7
-278 74 7
-160 108 7
-339 -10 7
-219 108 7
19 151 7
-205 -24 41
-142 348 7
-26 -24 41
275 151 7
-305 65 7
71 117 7
62 151 7
-117 -105 7
275 117 7
327 296 7
10 169 7
-160 -53 7
302 126 7
-244 -53 7
-126 160 7
246 334 41
-321 339 7
216 348 7
-192 305 7
166 117 7
-117 83 7
80 126 7
198 339 7
-26 112 41
53 253 7
203 248 41
-108 -53 7
216 169 7
-296 65 7
-348 339 7
96 296 7
-169 117 7
198 108 7
-330 117 7
-321 83 7
-348 -10 7
139 339 7
-142 -19 7
-248 334 41
246 291 41
114 160 7
-31 160 7
-330 -53 7
-287 160 7
-112 334 41
62 253 7
-65 160 7
-126 65 7
-99 305 7
-126 -114 7
-169 244 7
-339 65 7
-296 -96 7
-13 126 7
232 74 7
105 296 7
-151 339 7
-74 348 7
207 160 7
-262 117 7
-151 348 7
-287 -105 7
-83 348 7
-278 253 7
-348 151 7
-305 296 7
24 334 41
53 108 7
-253 348 7
10 339 7
241 151 7
-13 -10 7
198 287 7
207 83 7
-296 244 7
-305 151 7
-56 -10 7
-99 83 7
-253 296 7
62 330 7
-117 305 7
-108 -62 7
275 160 7
293 296 7
336 339 7
241 169 7
-334 112 41
19 262 7
259 169 7
-31 117 7
241 339 7
-321 262 7
-13 296 7
189 305 7
80 169 7
-117 65 7
-117 330 7
-262 169 7
-142 -53 7
-74 -53 7
-192 -53 7
96 348 7
259 339 7
-253 -62 7
-155 112 41
-330 -105 7
19 330 7
-65 -53 7
53 305 7
-69 291 41
-296 74 7
-31 -19 7
-169 296 7
268 90 177
-31 296 7
327 117 7
37 74 7
-248 -24 41
-348 348 7
-83 -10 7
-117 -28 7
24 155 41
-339 348 7
-291 334 41
67 291 41
105 169 7
-287 126 7
139 330 7
53 262 7
250 262 7
-117 -71 7
-253 117 7
-262 -53 7
-205 -67 41
123 169 7
28 305 7
-160 -96 7
189 169 7
-112 291 41
37 296 7
-210 151 7
-169 253 7
284 287 7
259 74 7
-235 -10 7
53 117 7
-40 117 7
62 339 7
-278 126 7
-248 112 41
-253 151 7
246 69 41
198 83 7
71 83 7
345 169 7
-330 -96 7
-117 -53 7
-83 151 7
327 126 7
-321 -10 7
110 112 41
-287 83 7
19 83 7
-305 108 7
336 296 7
-219 -19 7
-40 -19 7
198 262 7
-278 83 7
-253 330 7
-210 305 7
-160 244 7
-74 287 7
-253 339 7
275 169 7
-126 108 7
-305 160 7
232 108 7
-155 -67 41
275 126 7
-83 305 7
-99 117 7
123 339 7
62 305 7
-210 -28 7
189 330 7
-151 117 7
-248 -67 41
-287 348 7
275 348 7
-160 305 7
53 65 7
-330 348 7
-244 296 7
-83 339 7
-40 126 7
-262 151 7
-74 160 7
318 117 7
-296 -62 7
-99 348 7
-291 291 41
-56 296 7
289 112 41
105 126 7
-348 305 7
-117 108 7
-305 169 7
189 117 7
-169 108 7
-339 287 7
-160 348 7
10 151 7
-169 262 7
-40 -62 7
-235 160 7
-192 -19 7
-40 -28 7
-339 -71 7
-321 -19 7
-334 -67 41
302 169 7
62 169 7
-339 339 7
24 248 41
-112 -110 41
-278 -96 7
-13 348 7
10 348 7
-108 126 7
-210 348 7
-99 -105 7
241 296 7
-155 69 41
-296 -19 7
-248 291 41
216 126 7
-40 305 7
-31 -10 7
-219 287 7
166 169 7
-22 160 7
-108 296 7
-201 -62 7
62 65 7
28 348 7
-142 339 7
-339 126 7
250 305 7
-305 348 7
207 169 7
-244 339 7
-219 160 7
241 287 7
-40 -53 7
-83 330 7
-117 169 7
207 74 7
37 348 7
-65 -10 7
-262 287 7
345 160 7
62 108 7
-108 160 7
-108 -19 7
-339 74 7
-205 112 41
-126 244 7
-83 126 7
-83 -19 7
-90 269 177
19 108 7
-253 -10 7
19 339 7
62 348 7
157 348 7
232 262 7
19 296 7
189 74 7
110 291 41
-13 117 7
-31 287 7
-22 -19 7
207 296 7
-348 -96 7
166 339 7
284 117 7
-262 -28 7
-330 126 7
-269 269 177
10 74 7
318 339 7
-330 -10 7
96 339 7
-210 -71 7
24 291 41
-287 117 7
241 117 7
-108 -10 7
-65 296 7
-160 330 7
203 112 41
-126 339 7
-117 -114 7
259 126 7
96 169 7
71 253 7
114 348 7
-112 -24 41
232 287 7
345 305 7
-31 -53 7
318 151 7
-305 -105 7
250 253 7
-219 169 7
-56 348 7
37 305 7
-291 112 41
148 348 7
-330 83 7
-99 -96 7
246 248 41
-348 169 7
-99 169 7
37 160 7
-117 -19 7
-219 305 7
-13 160 7
-90 90 177
-253 160 7
-287 169 7
-56 117 7
-40 151 7
157 169 7
-22 -10 7
-160 287 7
-262 348 7
-201 160 7
28 169 7
10 305 7
-117 -96 7
-169 160 7
123 348 7
-287 339 7
-339 296 7
166 348 7
-40 287 7
318 296 7
-262 126 7
96 117 7
-348 -53 7
302 160 7
-142 -96 7
148 160 7
207 117 7
-339 262 7
71 348 7
-31 108 7
53 74 7
-151 126 7
-56 -53 7
-305 287 7
-65 339 7
318 108 7
259 83 7
153 155 41
-83 117 7
80 83 7
259 262 7
-22 348 7
123 296 7
37 126 7
-112 -67 41
-108 74 7
139 169 7
318 169 7
105 348 7
284 330 7
28 83 7
-219 -28 7
-99 -10 7
198 151 7
207 262 7
189 287 7
-65 126 7
-142 296 7
-278 -19 7
157 305 7
-151 253 7
157 117 7
-40 169 7
-278 262 7
293 305 7
-339 83 7
-296 -28 7
19 74 7
-287 262 7
-126 296 7
-287 -19 7
-244 169 7
-192 296 7
-99 126 7
327 287 7
-305 83 7
-169 -96 7
302 305 7
-321 74 7
-287 253 7
-126 169 7
284 169 7
-117 -62 7
-235 -53 7
-65 -19 7
-169 151 7
-26 -67 41
139 126 7
37 117 7
71 262 7
-142 -62 7
19 287 7
198 305 7
-169 -19 7
-169 -62 7
-330 -62 7
-99 296 7
71 74 7
-40 339 7
-151 -96 7
-160 -114 7
166 296 7
-22 305 7
-210 108 7
-74 330 7
-330 262 7
284 305 7
114 296 7
-339 117 7
284 160 7
-339 151 7
284 108 7
-287 -10 7
-74 339 7
-321 296 7
332 334 41
114 126 7
71 126 7
275 296 7
216 83 7
-56 305 7
-126 305 7
-269 -89 177
-99 160 7
-339 -19 7
-287 -53 7
-296 -105 7
327 305 7
-278 348 7
-40 330 7
327 108 7
62 262 7
-160 262 7
-112 112 41
-334 -24 41
-126 -10 7
-155 -110 41
-253 169 7
-262 296 7
-65 348 7
-160 -105 7
37 169 7
-339 244 7
-142 169 7
268 269 177
232 305 7
241 160 7
-151 -19 7
189 151 7
123 160 7
-69 155 41
-235 348 7
105 151 7
-108 169 7
-117 160 7
-83 -53 7
-348 -71 7
232 296 7
-99 262 7
139 160 7
-305 -96 7
-126 348 7
250 126 7
-160 160 7
-31 169 7
-296 117 7
148 126 7
-210 330 7
10 126 7
53 126 7
96 151 7
-160 -10 7
284 339 7
-117 262 7
114 117 7
-219 296 7
332 155 41
-142 126 7
-244 -10 7
-321 169 7
-201 169 7
96 305 7
-330 253 7
-219 -71 7
-201 296 7
189 108 7
-74 126 7
293 126 7
37 339 7
96 330 7
-31 305 7
-330 169 7
-126 287 7
-74 -10 7
157 160 7
-151 296 7
302 339 7
-74 108 7
-40 348 7
10 117 7
232 339 7
-287 74 7
-262 -62 7
-262 339 7
80 160 7
-348 -28 7
-112 248 41
10 83 7
189 253 7
-244 -62 7
-40 -71 7
28 296 7
-126 262 7
246 112 41
-305 -62 7
139 348 7
336 117 7
-287 296 7
198 348 7
-13 -62 7
207 126 7
289 155 41
-99 74 7
-169 -71 7
-117 117 7
-348 262 7
-219 330 7
284 296 7
275 339 7
28 339 7
275 287 7
241 305 7
-305 -28 7
-205 334 41
67 112 41
-192 -62 7
-40 108 7
232 160 7
241 262 7
-83 -62 7
-117 74 7
-348 244 7
318 160 7
302 117 7
-117 253 7
241 348 7
-142 117 7
198 330 7
10 108 7
-169 -10 7
-169 305 7
-201 117 7
-296 169 7
148 151 7
-83 160 7
203 155 41
-56 126 7
-348 -62 7
-305 -19 7
53 348 7
-210 117 7
-142 160 7
259 117 7
28 160 7
-305 -53 7
114 339 7
-278 339 7
71 305 7
-160 -19 7
-348 330 7
275 330 7
302 296 7
-287 305 7
-244 -19 7
-69 112 41
216 117 7
-305 117 7
10 65 7
-117 151 7
153 291 41
-65 117 7
-108 253 7
67 155 41
71 296 7
189 83 7
189 160 7
153 112 41
-117 126 7
198 253 7
153 334 41
232 126 7
-31 -71 7
-160 -28 7
71 339 7
-160 117 7
-126 -28 7
62 74 7
-151 -62 7
-192 339 7
327 160 7
-201 126 7
-210 296 7
-192 348 7
318 348 7
-160 -71 7
-169 -105 7
232 117 7
-160 339 7
198 160 7
148 330 7
-40 160 7
-142 74 7
-201 348 7
-74 -62 7
-296 83 7
-296 160 7
-278 305 7
-219 -53 7
67 69 41
53 151 7
275 108 7
216 305 7
189 296 7
-296 305 7
10 160 7
-151 160 7
-108 117 7
289 291 41
-126 330 7
80 117 7
-334 248 41
-321 -53 7
10 296 7
-74 296 7
157 339 7
216 339 7
-40 296 7
259 296 7
-305 244 7
-74 -71 7
80 305 7
-305 -10 7
24 69 41
-169 -53 7
157 296 7
19 117 7
-253 -19 7
105 305 7
80 348 7
336 305 7
318 287 7
-348 74 7
-291 -67 41
-142 83 7
-169 74 7
-201 -19 7
53 339 7
80 253 7
96 287 7
-13 339 7
-83 296 7
-262 -19 7
327 330 7
-22 117 7
123 305 7
-296 108 7
-160 151 7
80 339 7
-321 126 7
-155 155 41
-291 69 41
-108 -105 7
-169 339 7
10 262 7
-151 -105 7
-117 339 7
-74 -19 7
-330 160 7
-205 155 41
-210 -10 7
53 160 7
-13 -19 7
232 151 7
-83 -28 7
-278 -10 7
-192 117 7
10 253 7
289 334 41
-278 -53 7
148 169 7
-278 117 7
293 117 7
-321 253 7
318 126 7
-339 -114 7
-339 -96 7
-269 90 177
-253 287 7
-330 339 7
-26 334 41
-31 151 7
-205 291 41
-117 -10 7
53 287 7
327 169 7
-235 117 7
-334 -110 41
-126 83 7
-99 -19 7
28 126 7
-201 339 7
-262 330 7
-296 -10 7
232 83 7
105 108 7
-99 339 7
-74 305 7
19 65 7
189 348 7
-160 65 7
336 160 7
-296 253 7
96 126 7
-142 305 7
-192 -10 7
345 117 7
-339 305 7
-291 -110 41
-278 -105 7
19 160 7
-253 108 7
166 160 7
-99 -62 7
62 244 7
67 334 41
166 305 7
207 339 7
62 287 7
-210 339 7
232 348 7
241 65 7
-219 117 7
-22 339 7
80 262 7
-151 -10 7
-235 126 7
-83 169 7
-339 330 7
-108 262 7
-339 169 7
-348 253 7
318 305 7
318 330 7
-253 -53 7
-348 -105 7
10 287 7
-56 339 7
-348 -114 7
-108 305 7
-278 169 7
-210 126 7
-56 -19 7
-244 126 7
-22 126 7
198 65 7
-151 305 7
198 117 7
-160 74 7
-262 -10 7
-108 -96 7
345 296 7
53 296 7
-56 160 7
-108 339 7
62 160 7
-219 -10 7
-219 348 7
336 348 7
-56 169 7
216 262 7
198 244 7
-169 -114 7
-155 -24 41
216 160 7
-296 287 7
-155 248 41
241 244 7
-74 117 7
327 348 7
-22 296 7
-22 -62 7
-330 305 7
-201 -10 7
-296 262 7
19 305 7
-253 -28 7
-151 -53 7
-248 155 41
259 160 7
-31 126 7
80 74 7
198 126 7
232 330 7
198 296 7
198 169 7
250 117 7
-142 -105 7
-334 291 41
-348 287 7
-13 169 7
-160 126 7
89 90 177
-305 305 7
110 334 41
-253 305 7
-142 -10 7
-169 -28 7
10 244 7
-192 169 7
-330 296 7
336 169 7
-339 -62 7
-296 -114 7
80 296 7
250 83 7
259 305 7
-117 348 7
105 117 7
-169 348 7
250 339 7
148 108 7
62 126 7
62 83 7
-296 339 7
-262 160 7
96 108 7
-262 108 7
-83 287 7
-160 -62 7
-339 160 7
-291 248 41
10 330 7
-296 151 7
-169 65 7
-31 -62 7
275 305 7
-99 253 7
148 305 7
-235 169 7
-278 296 7
-287 -62 7
-201 -53 7
105 160 7
71 169 7
189 126 7
-235 296 7
-40 -10 7
139 108 7
-291 -24 41
53 83 7
-112 155 41
-253 126 7
-210 -62 7
-31 -28 7
71 160 7
-31 339 7
53 244 7
-321 160 7
-278 -62 7
-126 74 7
327 339 7
-348 108 7
241 330 7
207 253 7
-13 305 7
250 348 7
203 334 41
250 169 7
-74 151 7
37 262 7
284 348 7
-117 296 7
-160 169 7
62 296 7
123 117 7
