0 0 319
-105 105 103
-138 138 31
-147 147 7
-138 147 7
-129 147 7
-147 138 7
-138 138 7
-129 138 7
-147 129 7
-138 129 7
-129 129 7
-105 138 31
-114 147 7
-105 147 7
-96 147 7
-114 138 7
-105 138 7
-96 138 7
-114 129 7
-105 129 7
-96 129 7
-72 138 31
-81 147 7
-72 147 7
-63 147 7
-81 138 7
-72 138 7
-63 138 7
-81 129 7
-72 129 7
-63 129 7
-138 105 31
-147 114 7
-138 114 7
-129 114 7
-147 105 7
-138 105 7
-129 105 7
-147 96 7
-138 96 7
-129 96 7
-105 105 31
-114 114 7
-105 114 7
-96 114 7
-114 105 7
-105 105 7
-96 105 7
-114 96 7
-105 96 7
-96 96 7
-72 105 31
-81 114 7
-72 114 7
-63 114 7
-81 105 7
-72 105 7
-63 105 7
-81 96 7
-72 96 7
-63 96 7
-138 72 31
-147 81 7
-138 81 7
-129 81 7
-147 72 7
-138 72 7
-129 72 7
-147 63 7
-138 63 7
-129 63 7
-105 72 31
-114 81 7
-105 81 7
-96 81 7
-114 72 7
-105 72 7
-96 72 7
-114 63 7
-105 63 7
-96 63 7
-72 72 31
-81 81 7
-72 81 7
-63 81 7
-81 72 7
-72 72 7
-63 72 7
-81 63 7
-72 63 7
-63 63 7
0 105 103
-33 138 31
-42 147 7
-33 147 7
-24 147 7
-42 138 7
-33 138 7
-24 138 7
-42 129 7
-33 129 7
-24 129 7
0 138 31
-9 147 7
0 147 7
9 147 7
-9 138 7
0 138 7
9 138 7
-9 129 7
0 129 7
9 129 7
33 138 31
24 147 7
33 147 7
42 147 7
24 138 7
33 138 7
42 138 7
24 129 7
33 129 7
42 129 7
-33 105 31
-42 114 7
-33 114 7
-24 114 7
-42 105 7
-33 105 7
-24 105 7
-42 96 7
-33 96 7
-24 96 7
0 105 31
-9 114 7
0 114 7
9 114 7
-9 105 7
0 105 7
9 105 7
-9 96 7
0 96 7
9 96 7
33 105 31
24 114 7
33 114 7
42 114 7
24 105 7
33 105 7
42 105 7
24 96 7
33 96 7
42 96 7
-33 72 31
-42 81 7
-33 81 7
-24 81 7
-42 72 7
-33 72 7
-24 72 7
-42 63 7
-33 63 7
-24 63 7
0 72 31
-9 81 7
0 81 7
9 81 7
-9 72 7
0 72 7
9 72 7
-9 63 7
0 63 7
9 63 7
33 72 31
24 81 7
33 81 7
42 81 7
24 72 7
33 72 7
42 72 7
24 63 7
33 63 7
42 63 7
105 105 103
72 138 31
63 147 7
72 147 7
81 147 7
63 138 7
72 138 7
81 138 7
63 129 7
72 129 7
81 129 7
105 138 31
96 147 7
105 147 7
114 147 7
96 138 7
105 138 7
114 138 7
96 129 7
105 129 7
114 129 7
138 138 31
129 147 7
138 147 7
147 147 7
129 138 7
138 138 7
147 138 7
129 129 7
138 129 7
147 129 7
72 105 31
63 114 7
72 114 7
81 114 7
63 105 7
72 105 7
81 105 7
63 96 7
72 96 7
81 96 7
105 105 31
96 114 7
105 114 7
114 114 7
96 105 7
105 105 7
114 105 7
96 96 7
105 96 7
114 96 7
138 105 31
129 114 7
138 114 7
147 114 7
129 105 7
138 105 7
147 105 7
129 96 7
138 96 7
147 96 7
72 72 31
63 81 7
72 81 7
81 81 7
63 72 7
72 72 7
81 72 7
63 63 7
72 63 7
81 63 7
105 72 31
96 81 7
105 81 7
114 81 7
96 72 7
105 72 7
114 72 7
96 63 7
105 63 7
114 63 7
138 72 31
129 81 7
138 81 7
147 81 7
129 72 7
138 72 7
147 72 7
129 63 7
138 63 7
147 63 7
-105 0 103
-138 33 31
-147 42 7
-138 42 7
-129 42 7
-147 33 7
-138 33 7
-129 33 7
-147 24 7
-138 24 7
-129 24 7
-105 33 31
-114 42 7
-105 42 7
-96 42 7
-114 33 7
-105 33 7
-96 33 7
-114 24 7
-105 24 7
-96 24 7
-72 33 31
-81 42 7
-72 42 7
-63 42 7
-81 33 7
-72 33 7
-63 33 7
-81 24 7
-72 24 7
-63 24 7
-138 0 31
-147 9 7
-138 9 7
-129 9 7
-147 0 7
-138 0 7
-129 0 7
-147 -9 7
-138 -9 7
-129 -9 7
-105 0 31
-114 9 7
-105 9 7
-96 9 7
-114 0 7
-105 0 7
-96 0 7
-114 -9 7
-105 -9 7
-96 -9 7
-72 0 31
-81 9 7
-72 9 7
-63 9 7
-81 0 7
-72 0 7
-63 0 7
-81 -9 7
-72 -9 7
-63 -9 7
-138 -33 31
-147 -24 7
-138 -24 7
-129 -24 7
-147 -33 7
-138 -33 7
-129 -33 7
-147 -42 7
-138 -42 7
-129 -42 7
-105 -33 31
-114 -24 7
-105 -24 7
-96 -24 7
-114 -33 7
-105 -33 7
-96 -33 7
-114 -42 7
-105 -42 7
-96 -42 7
-72 -33 31
-81 -24 7
-72 -24 7
-63 -24 7
-81 -33 7
-72 -33 7
-63 -33 7
-81 -42 7
-72 -42 7
-63 -42 7
0 0 103
-33 33 31
-42 42 7
-33 42 7
-24 42 7
-42 33 7
-33 33 7
-24 33 7
-42 24 7
-33 24 7
-24 24 7
0 33 31
-9 42 7
0 42 7
9 42 7
-9 33 7
0 33 7
9 33 7
-9 24 7
0 24 7
9 24 7
33 33 31
24 42 7
33 42 7
42 42 7
24 33 7
33 33 7
42 33 7
24 24 7
33 24 7
42 24 7
-33 0 31
-42 9 7
-33 9 7
-24 9 7
-42 0 7
-33 0 7
-24 0 7
-42 -9 7
-33 -9 7
-24 -9 7
0 0 31
-9 9 7
0 9 7
9 9 7
-9 0 7
0 0 7
9 0 7
-9 -9 7
0 -9 7
9 -9 7
33 0 31
24 9 7
33 9 7
42 9 7
24 0 7
33 0 7
42 0 7
24 -9 7
33 -9 7
42 -9 7
-33 -33 31
-42 -24 7
-33 -24 7
-24 -24 7
-42 -33 7
-33 -33 7
-24 -33 7
-42 -42 7
-33 -42 7
-24 -42 7
0 -33 31
-9 -24 7
0 -24 7
9 -24 7
-9 -33 7
0 -33 7
9 -33 7
-9 -42 7
0 -42 7
9 -42 7
33 -33 31
24 -24 7
33 -24 7
42 -24 7
24 -33 7
33 -33 7
42 -33 7
24 -42 7
33 -42 7
42 -42 7
105 0 103
72 33 31
63 42 7
72 42 7
81 42 7
63 33 7
72 33 7
81 33 7
63 24 7
72 24 7
81 24 7
105 33 31
96 42 7
105 42 7
114 42 7
96 33 7
105 33 7
114 33 7
96 24 7
105 24 7
114 24 7
138 33 31
129 42 7
138 42 7
147 42 7
129 33 7
138 33 7
147 33 7
129 24 7
138 24 7
147 24 7
72 0 31
63 9 7
72 9 7
81 9 7
63 0 7
72 0 7
81 0 7
63 -9 7
72 -9 7
81 -9 7
105 0 31
96 9 7
105 9 7
114 9 7
96 0 7
105 0 7
114 0 7
96 -9 7
105 -9 7
114 -9 7
138 0 31
129 9 7
138 9 7
147 9 7
129 0 7
138 0 7
147 0 7
129 -9 7
138 -9 7
147 -9 7
72 -33 31
63 -24 7
72 -24 7
81 -24 7
63 -33 7
72 -33 7
81 -33 7
63 -42 7
72 -42 7
81 -42 7
105 -33 31
96 -24 7
105 -24 7
114 -24 7
96 -33 7
105 -33 7
114 -33 7
96 -42 7
105 -42 7
114 -42 7
138 -33 31
129 -24 7
138 -24 7
147 -24 7
129 -33 7
138 -33 7
147 -33 7
129 -42 7
138 -42 7
147 -42 7
-105 -105 103
-138 -72 31
-147 -63 7
-138 -63 7
-129 -63 7
-147 -72 7
-138 -72 7
-129 -72 7
-147 -81 7
-138 -81 7
-129 -81 7
-105 -72 31
-114 -63 7
-105 -63 7
-96 -63 7
-114 -72 7
-105 -72 7
-96 -72 7
-114 -81 7
-105 -81 7
-96 -81 7
-72 -72 31
-81 -63 7
-72 -63 7
-63 -63 7
-81 -72 7
-72 -72 7
-63 -72 7
-81 -81 7
-72 -81 7
-63 -81 7
-138 -105 31
-147 -96 7
-138 -96 7
-129 -96 7
-147 -105 7
-138 -105 7
-129 -105 7
-147 -114 7
-138 -114 7
-129 -114 7
-105 -105 31
-114 -96 7
-105 -96 7
-96 -96 7
-114 -105 7
-105 -105 7
-96 -105 7
-114 -114 7
-105 -114 7
-96 -114 7
-72 -105 31
-81 -96 7
-72 -96 7
-63 -96 7
-81 -105 7
-72 -105 7
-63 -105 7
-81 -114 7
-72 -114 7
-63 -114 7
-138 -138 31
-147 -129 7
-138 -129 7
-129 -129 7
-147 -138 7
-138 -138 7
-129 -138 7
-147 -147 7
-138 -147 7
-129 -147 7
-105 -138 31
-114 -129 7
-105 -129 7
-96 -129 7
-114 -138 7
-105 -138 7
-96 -138 7
-114 -147 7
-105 -147 7
-96 -147 7
-72 -138 31
-81 -129 7
-72 -129 7
-63 -129 7
-81 -138 7
-72 -138 7
-63 -138 7
-81 -147 7
-72 -147 7
-63 -147 7
0 -105 103
-33 -72 31
-42 -63 7
-33 -63 7
-24 -63 7
-42 -72 7
-33 -72 7
-24 -72 7
-42 -81 7
-33 -81 7
-24 -81 7
0 -72 31
-9 -63 7
0 -63 7
9 -63 7
-9 -72 7
0 -72 7
9 -72 7
-9 -81 7
0 -81 7
9 -81 7
33 -72 31
24 -63 7
33 -63 7
42 -63 7
24 -72 7
33 -72 7
42 -72 7
24 -81 7
33 -81 7
42 -81 7
-33 -105 31
-42 -96 7
-33 -96 7
-24 -96 7
-42 -105 7
-33 -105 7
-24 -105 7
-42 -114 7
-33 -114 7
-24 -114 7
0 -105 31
-9 -96 7
0 -96 7
9 -96 7
-9 -105 7
0 -105 7
9 -105 7
-9 -114 7
0 -114 7
9 -114 7
33 -105 31
24 -96 7
33 -96 7
42 -96 7
24 -105 7
33 -105 7
42 -105 7
24 -114 7
33 -114 7
42 -114 7
-33 -138 31
-42 -129 7
-33 -129 7
-24 -129 7
-42 -138 7
-33 -138 7
-24 -138 7
-42 -147 7
-33 -147 7
-24 -147 7
0 -138 31
-9 -129 7
0 -129 7
9 -129 7
-9 -138 7
0 -138 7
9 -138 7
-9 -147 7
0 -147 7
9 -147 7
33 -138 31
24 -129 7
33 -129 7
42 -129 7
24 -138 7
33 -138 7
42 -138 7
24 -147 7
33 -147 7
42 -147 7
105 -105 103
72 -72 31
63 -63 7
72 -63 7
81 -63 7
63 -72 7
72 -72 7
81 -72 7
63 -81 7
72 -81 7
81 -81 7
105 -72 31
96 -63 7
105 -63 7
114 -63 7
96 -72 7
105 -72 7
114 -72 7
96 -81 7
105 -81 7
114 -81 7
138 -72 31
129 -63 7
138 -63 7
147 -63 7
129 -72 7
138 -72 7
147 -72 7
129 -81 7
138 -81 7
147 -81 7
72 -105 31
63 -96 7
72 -96 7
81 -96 7
63 -105 7
72 -105 7
81 -105 7
63 -114 7
72 -114 7
81 -114 7
105 -105 31
96 -96 7
105 -96 7
114 -96 7
96 -105 7
105 -105 7
114 -105 7
96 -114 7
105 -114 7
114 -114 7
138 -105 31
129 -96 7
138 -96 7
147 -96 7
129 -105 7
138 -105 7
147 -105 7
129 -114 7
138 -114 7
147 -114 7
72 -138 31
63 -129 7
72 -129 7
81 -129 7
63 -138 7
72 -138 7
81 -138 7
63 -147 7
72 -147 7
81 -147 7
105 -138 31
96 -129 7
105 -129 7
114 -129 7
96 -138 7
105 -138 7
114 -138 7
96 -147 7
105 -147 7
114 -147 7
138 -138 31
129 -129 7
138 -129 7
147 -129 7
129 -138 7
138 -138 7
147 -138 7
129 -147 7
138 -147 7
147 -147 7
