0 0 201                Exemple de fichiers de liste de cubes à empiler
10 10 5      8~12 
20 20 11    15~25
60 -60 41    40~81
70 -70 11    65~81
18 18 5     16~20
-9 9 9       5~13
-10 -10 5  -12~-8
-30 -30 45 -52~-8
11 11 15
50 -50 17
50 50 17
12 -12 6
-11 -11 15
14 -14 8
19 -19 18
18 -18 16
15 15 3
-19 19 19
17 17 6
34 -34 23
56 56 40
45 45 34
100 -100 50
87 87 56
58 -58 43
54 54 32
-27 27 13
75 75 48
-67 -67 39
-34 34 30
34 -34 30
65 65 49
78 -78 54
93 -93 76
76 76 68
-76 76 68
68 68 67
-68 68 67
-67 67 65
67 -67 65
43 43 24
-43 43 24
24 -24 14
-24 24 14
94 94 87
-94 94 87
87 -87 86
-87 87 86
13 -13 13
